-4.27447e-17
-1.58285e-11
-4.54394e-11
-2.70289e-11
1.4785e-10
6.34272e-10
1.63392e-09
3.39507e-09
6.21257e-09
1.04278e-08
1.64288e-08
2.46498e-08
3.55719e-08
4.97224e-08
6.76751e-08
9.00503e-08
1.17515e-07
1.50781e-07
1.90608e-07
2.37803e-07
2.93216e-07
3.57746e-07
4.32337e-07
5.17979e-07
6.1571e-07
7.26611e-07
8.51811e-07
9.92486e-07
1.14986e-06
1.32519e-06
1.51979e-06
1.73503e-06
1.9723e-06
2.23306e-06
2.5188e-06
2.83107e-06
3.17144e-06
3.54156e-06
3.9431e-06
4.37778e-06
4.84738e-06
5.3537e-06
5.89861e-06
6.48402e-06
7.11186e-06
7.78415e-06
8.50291e-06
9.27023e-06
1.00883e-05
1.09591e-05
1.18851e-05
1.28685e-05
1.39115e-05
1.50165e-05
1.61859e-05
1.74222e-05
1.87278e-05
2.01054e-05
2.15574e-05
2.30864e-05
2.46952e-05
2.63865e-05
2.8163e-05
3.00274e-05
3.19828e-05
3.40318e-05
3.61775e-05
3.84229e-05
4.07709e-05
4.32246e-05
4.57871e-05
4.84616e-05
5.12512e-05
5.41592e-05
5.71889e-05
6.03436e-05
6.36265e-05
6.70413e-05
7.05912e-05
7.42798e-05
7.81106e-05
8.20872e-05
8.62132e-05
9.04923e-05
9.49282e-05
9.95245e-05
0.000104285
0.000109214
0.000114315
0.000119592
0.000125048
0.000130689
0.000136517
0.000142537
0.000148754
0.00015517
0.000161791
0.000168621
0.000175664
0.000182924
0.000190406
0.000198114
0.000206052
0.000214226
0.000222638
0.000231295
0.000240201
0.00024936
0.000258777
0.000268457
0.000278404
0.000288624
0.000299121
0.0003099
0.000320966
0.000332324
0.000343978
0.000355935
0.000368199
0.000380774
0.000393668
0.000406883
0.000420427
0.000434303
0.000448518
0.000463076
0.000477983
0.000493245
0.000508867
0.000524854
0.000541212
0.000557946
0.000575062
0.000592566
0.000610464
0.00062876
0.000647462
0.000666574
0.000686102
0.000706053
0.000726431
0.000747244
0.000768497
0.000790196
0.000812347
0.000834956
0.00085803
0.000881573
0.000905594
0.000930097
0.000955089
0.000980576
0.00100656
0.00103306
0.00106007
0.0010876
0.00111566
0.00114425
0.00117339
0.00120307
0.0012333
0.00126409
0.00129545
0.00132738
0.00135989
0.00139299
0.00142668
0.00146097
0.00149586
0.00153137
0.00156751
0.00160426
0.00164166
0.00167969
0.00171838
0.00175771
0.00179772
0.00183839
0.00187973
0.00192176
0.00196449
0.00200791
0.00205203
0.00209687
0.00214243
0.00218872
0.00223574
0.0022835
0.00233201
0.00238128
0.00243131
0.00248212
0.0025337
0.00258607
0.00263924
0.00269321
0.00274799
0.00280358
0.00286
0.00291725
0.00297535
0.00303429
0.00309408
0.00315475
0.00321628
0.00327869
0.00334199
0.00340618
0.00347128
0.00353729
0.00360421
0.00367207
0.00374086
0.00381059
0.00388127
0.00395291
0.00402552
0.00409911
0.00417368
0.00424924
0.0043258
0.00440336
0.00448195
0.00456155
0.0046422
0.00472388
0.00480661
0.0048904
0.00497525
0.00506118
0.00514819
0.0052363
0.0053255
0.00541581
0.00550724
0.00559979
0.00569348
0.0057883
0.00588428
0.00598142
0.00607972
0.0061792
0.00627987
0.00638173
0.00648479
0.00658906
0.00669455
0.00680127
0.00690923
0.00701843
0.00712888
0.0072406
0.00735359
0.00746786
0.00758342
0.00770027
0.00781844
0.00793792
0.00805872
0.00818086
0.00830434
0.00842917
0.00855535
0.00868291
0.00881185
0.00894217
0.00907389
0.00920701
0.00934154
0.0094775
0.00961489
0.00975372
0.009894
0.0100357
0.0101789
0.0103236
0.0104698
0.0106174
0.0107666
0.0109173
0.0110695
0.0112232
0.0113785
0.0115353
0.0116936
0.0118536
0.0120151
0.0121782
0.0123429
0.0125092
0.0126771
0.0128466
0.0130178
0.0131906
0.013365
0.0135411
0.0137189
0.0138983
0.0140795
0.0142623
0.0144468
0.0146331
0.014821
0.0150107
0.0152022
0.0153953
0.0155903
0.015787
0.0159855
0.0161858
0.0163878
0.0165917
0.0167974
0.0170049
0.0172142
0.0174254
0.0176384
0.0178533
0.0180701
0.0182887
0.0185092
0.0187316
0.018956
0.0191822
0.0194104
0.0196404
0.0198725
0.0201065
0.0203424
0.0205803
0.0208202
0.0210621
0.0213059
0.0215518
0.0217997
0.0220496
0.0223015
0.0225555
0.0228116
0.0230696
0.0233298
0.023592
0.0238564
0.0241228
0.0243913
0.0246619
0.0249347
0.0252096
0.0254866
0.0257658
0.0260471
0.0263306
0.0266163
0.0269042
0.0271942
0.0274865
0.0277809
0.0280776
0.0283765
0.0286777
0.0289811
0.0292868
0.0295947
0.0299049
0.0302173
0.0305321
0.0308492
0.0311685
0.0314902
0.0318142
0.0321406
0.0324693
0.0328003
0.0331337
0.0334695
0.0338076
0.0341481
0.034491
0.0348364
0.0351841
0.0355343
0.0358868
0.0362418
0.0365993
0.0369592
0.0373216
0.0376864
0.0380537
0.0384236
0.0387959
0.0391707
0.039548
0.0399278
0.0403102
0.0406951
0.0410825
0.0414725
0.041865
0.0422601
0.0426578
0.0430581
0.043461
0.0438664
0.0442745
0.0446852
0.0450985
0.0455145
0.045933
0.0463543
0.0467781
0.0472047
0.0476339
0.0480658
0.0485004
0.0489376
0.0493776
0.0498203
0.0502657
0.0507138
0.0511647
0.0516182
0.0520746
0.0525337
0.0529955
0.0534601
0.0539275
0.0543977
0.0548706
0.0553464
0.055825
0.0563063
0.0567905
0.0572775
0.0577674
0.05826
0.0587556
0.059254
0.0597552
0.0602593
0.0607663
0.0612761
0.0617889
0.0623045
0.0628231
0.0633445
0.0638689
0.0643961
0.0649264
0.0654595
0.0659956
0.0665346
0.0670766
0.0676215
0.0681694
0.0687202
0.0692741
0.0698309
0.0703907
0.0709535
0.0715193
0.0720882
0.07266
0.0732348
0.0738127
0.0743936
0.0749775
0.0755645
0.0761546
0.0767476
0.0773438
0.077943
0.0785452
0.0791506
0.079759
0.0803705
0.0809851
0.0816028
0.0822236
0.0828475
0.0834746
0.0841047
0.0847379
0.0853743
0.0860138
0.0866565
0.0873023
0.0879512
0.0886033
0.0892585
0.0899169
0.0905785
0.0912432
0.0919111
0.0925822
0.0932565
0.0939339
0.0946146
0.0952984
0.0959855
0.0966757
0.0973691
0.0980655
0.0987651
0.0994679
0.100174
0.100883
0.101596
0.102312
0.103031
0.103754
0.104479
0.105208
0.105941
0.106676
0.107415
0.108157
0.108903
0.109652
0.110404
0.111159
0.111918
0.11268
0.113445
0.114214
0.114986
0.115762
0.11654
0.117322
0.118108
0.118896
0.119689
0.120484
0.121283
0.122085
0.12289
0.123699
0.124511
0.125327
0.126146
0.126968
0.127794
0.128623
0.129455
0.130291
0.13113
0.131973
0.132818
0.133668
0.13452
0.135376
0.136236
0.137099
0.137965
0.138835
0.139708
0.140584
0.141464
0.142347
0.143233
0.144123
0.145017
0.145914
0.146814
0.147717
0.148624
0.149535
0.150448
0.151366
0.152286
0.15321
0.154137
0.155068
0.156002
0.15694
0.157881
0.158825
0.159773
0.160724
0.161679
0.162637
0.163599
0.164563
0.165532
0.166503
0.167478
0.168457
0.169439
0.170424
0.171412
0.172405
0.1734
0.174399
0.175401
0.176407
0.177416
0.178428
0.179444
0.180463
0.181486
0.182512
0.183541
0.184574
0.18561
0.186649
0.187692
0.188739
0.189788
0.190841
0.191898
0.192957
0.194021
0.195087
0.196157
0.19723
0.198307
0.199387
0.20047
0.201557
0.202647
0.20374
0.204837
0.205937
0.20704
0.208147
0.209257
0.21037
0.211487
0.212607
0.21373
0.214857
0.215986
0.21712
0.218256
0.219396
0.220539
0.221686
0.222835
0.223988
0.225145
0.226304
0.227467
0.228633
0.229803
0.230975
0.232151
0.23333
0.234513
0.235698
0.236887
0.238079
0.239274
0.240473
0.241675
0.24288
0.244088
0.245299
0.246514
0.247732
0.248953
0.250177
0.251404
0.252635
0.253868
0.255105
0.256345
0.257588
0.258834
0.260084
0.261336
0.262592
0.263851
0.265113
0.266378
0.267646
0.268917
0.270191
0.271469
0.272749
0.274032
0.275319
0.276609
0.277901
0.279197
0.280496
0.281797
0.283102
0.28441
0.285721
0.287035
0.288351
0.289671
0.290994
0.292319
0.293648
0.29498
0.296314
0.297652
0.298992
0.300335
0.301682
0.303031
0.304383
0.305738
0.307095
0.308456
0.30982
0.311186
0.312555
0.313927
0.315302
0.31668
0.31806
0.319444
0.32083
0.322218
0.32361
0.325005
0.326402
0.327802
0.329204
0.33061
0.332018
0.333428
0.334842
0.336258
0.337677
0.339098
0.340522
0.341949
0.343379
0.344811
0.346245
0.347683
0.349123
0.350565
0.35201
0.353458
0.354908
0.35636
0.357816
0.359273
0.360734
0.362196
0.363662
0.365129
0.366599
0.368072
0.369547
0.371025
0.372505
0.373987
0.375472
0.376959
0.378448
0.37994
0.381434
0.382931
0.384429
0.38593
0.387434
0.38894
0.390448
0.391958
0.39347
0.394985
0.396502
0.398021
0.399543
0.401066
0.402592
0.40412
0.40565
0.407182
0.408716
0.410253
0.411791
0.413332
0.414874
0.416419
0.417966
0.419515
0.421065
0.422618
0.424173
0.42573
0.427288
0.428849
0.430412
0.431976
0.433542
0.435111
0.436681
0.438253
0.439827
0.441402
0.44298
0.444559
0.44614
0.447723
0.449308
0.450894
0.452482
0.454072
0.455664
0.457257
0.458852
0.460448
0.462046
0.463646
0.465247
0.46685
0.468455
0.470061
0.471668
0.473277
0.474888
0.4765
0.478114
0.479729
0.481345
0.482963
0.484583
0.486204
0.487826
0.489449
0.491074
0.4927
0.494328
0.495957
0.497587
0.499218
0.500851
0.502484
0.50412
0.505756
0.507393
0.509032
0.510672
0.512312
0.513954
0.515597
0.517242
0.518887
0.520533
0.52218
0.523829
0.525478
0.527128
0.528779
0.530431
0.532084
0.533738
0.535393
0.537049
0.538705
0.540363
0.542021
0.54368
0.54534
0.547
0.548661
0.550323
0.551986
0.553649
0.555313
0.556978
0.558643
0.560309
0.561975
0.563642
0.56531
0.566978
0.568646
0.570315
0.571985
0.573655
0.575325
0.576996
0.578667
0.580338
0.58201
0.583683
0.585355
0.587028
0.588701
0.590374
0.592048
0.593722
0.595396
0.59707
0.598744
0.600419
0.602093
0.603768
0.605443
0.607117
0.608792
0.610467
0.612142
0.613817
0.615491
0.617166
0.61884
0.620515
0.622189
0.623863
0.625537
0.627211
0.628884
0.630558
0.632231
0.633904
0.635576
0.637248
0.63892
0.640591
0.642262
0.643933
0.645603
0.647273
0.648942
0.650611
0.652279
0.653946
0.655614
0.65728
0.658946
0.660611
0.662276
0.66394
0.665603
0.667266
0.668927
0.670588
0.672249
0.673908
0.675567
0.677225
0.678881
0.680537
0.682192
0.683847
0.6855
0.687152
0.688803
0.690453
0.692102
0.69375
0.695397
0.697043
0.698688
0.700331
0.701973
0.703614
0.705254
0.706893
0.70853
0.710166
0.711801
0.713434
0.715066
0.716696
0.718325
0.719953
0.721579
0.723204
0.724827
0.726449
0.728069
0.729687
0.731304
0.732919
0.734533
0.736145
0.737755
0.739363
0.74097
0.742575
0.744178
0.745779
0.747379
0.748976
0.750572
0.752166
0.753758
0.755347
0.756935
0.758521
0.760105
0.761686
0.763266
0.764844
0.766419
0.767992
0.769563
0.771132
0.772699
0.774263
0.775825
0.777385
0.778942
0.780497
0.78205
0.783601
0.785149
0.786696
0.78824
0.789781
0.79132
0.792857
0.794392
0.795924
0.797453
0.79898
0.800505
0.802027
0.803546
0.805063
0.806577
0.808089
0.809598
0.811104
0.812608
0.814108
0.815606
0.817101
0.818593
0.820083
0.821569
0.823053
0.824534
0.826011
0.827486
0.828958
0.830426
0.831892
0.833354
0.834814
0.83627
0.837723
0.839173
0.84062
0.842063
0.843504
0.844941
0.846374
0.847805
0.849231
0.850655
0.852075
0.853492
0.854905
0.856315
0.857722
0.859125
0.860524
0.86192
0.863312
0.8647
0.866085
0.867467
0.868844
0.870218
0.871588
0.872955
0.874318
0.875676
0.877032
0.878383
0.87973
0.881074
0.882413
0.883749
0.885081
0.886408
0.887732
0.889052
0.890368
0.891679
0.892987
0.89429
0.89559
0.896885
0.898176
0.899463
0.900745
0.902024
0.903298
0.904567
0.905833
0.907094
0.908351
0.909603
0.910851
0.912095
0.913334
0.914569
0.915799
0.917025
0.918246
0.919463
0.920675
0.921882
0.923085
0.924284
0.925477
0.926666
0.92785
0.92903
0.930205
0.931375
0.93254
0.9337
0.934856
0.936007
0.937153
0.938294
0.93943
0.940561
0.941687
0.942808
0.943924
0.945036
0.946142
0.947243
0.948339
0.94943
0.950515
0.951596
0.952672
0.953742
0.954807
0.955867
0.956921
0.957971
0.959015
0.960054
0.961087
0.962115
0.963138
0.964155
0.965167
0.966173
0.967174
0.96817
0.96916
0.970144
0.971123
0.972097
0.973065
0.974027
0.974984
0.975935
0.97688
0.97782
0.978754
0.979682
0.980605
0.981522
0.982433
0.983338
0.984238
0.985131
0.986019
0.986901
0.987777
0.988647
0.989511
0.99037
0.991222
0.992069
0.992909
0.993743
0.994572
0.995394
0.99621
0.99702
0.997824
0.998622
0.999414
1.0002
1.00098
1.00175
1.00252
1.00328
1.00403
1.00478
1.00553
1.00626
1.00699
1.00771
1.00843
1.00914
1.00984
1.01054
1.01123
1.01192
1.0126
1.01327
1.01393
1.01459
1.01524
1.01589
1.01653
1.01716
1.01779
1.01841
1.01902
1.01963
1.02023
1.02082
1.0214
1.02198
1.02256
1.02312
1.02368
1.02423
1.02478
1.02532
1.02585
1.02638
1.0269
1.02741
1.02791
1.02841
1.0289
1.02938
1.02986
1.03033
1.0308
1.03125
1.0317
1.03214
1.03258
1.03301
1.03343
1.03384
1.03425
1.03465
1.03504
1.03543
1.03581
1.03618
1.03654
1.0369
1.03725
1.03759
1.03793
1.03826
1.03858
1.0389
1.0392
1.0395
1.03979
1.04008
1.04036
1.04063
1.04089
1.04115
1.0414
1.04164
1.04187
1.0421
1.04232
1.04253
1.04273
1.04293
1.04312
1.0433
1.04348
1.04364
1.0438
1.04395
1.0441
1.04424
1.04437
1.04449
1.0446
1.04471
1.04481
1.0449
1.04499
1.04506
1.04513
1.04519
1.04525
1.0453
1.04533
1.04537
1.04539
1.0454
1.04541
1.04541
1.04541
1.04539
1.04537
1.04534
1.0453
1.04526
1.0452
1.04514
1.04507
1.045
1.04491
1.04482
1.04472
1.04462
1.0445
1.04438
1.04425
1.04411
1.04396
1.04381
1.04365
1.04348
1.0433
1.04311
1.04292
1.04272
1.04251
1.04229
1.04207
1.04184
1.0416
1.04135
1.04109
1.04083
1.04056
1.04028
1.03999
1.03969
1.03939
1.03908
1.03876
1.03843
1.0381
1.03776
1.03741
1.03705
1.03668
1.03631
1.03593
1.03553
1.03514
1.03473
1.03432
1.03389
1.03346
1.03303
1.03258
1.03213
1.03167
1.0312
1.03072
1.03023
1.02974
1.02924
1.02873
1.02821
1.02769
1.02715
1.02661
1.02607
1.02551
1.02494
1.02437
1.02379
1.0232
1.02261
1.022
1.02139
1.02077
1.02014
1.0195
1.01886
1.01821
1.01755
1.01688
1.0162
1.01552
1.01483
1.01413
1.01342
1.01271
1.01198
1.01125
1.01051
1.00977
1.00901
1.00825
1.00748
1.0067
1.00591
1.00512
1.00432
1.00351
1.00269
1.00186
1.00103
1.00019
0.999339
0.998482
0.997618
0.996745
0.995865
0.994976
0.99408
0.993177
0.992265
0.991346
0.990419
0.989484
0.988541
0.987591
0.986633
0.985667
0.984693
0.983712
0.982723
0.981726
0.980722
0.97971
0.97869
0.977662
0.976627
0.975585
0.974534
0.973476
0.972411
0.971337
0.970256
0.969168
0.968072
0.966968
0.965857
0.964738
0.963612
0.962478
0.961337
0.960188
0.959031
0.957867
0.956696
0.955517
0.954331
0.953137
0.951936
0.950727
0.949511
0.948288
0.947057
0.945819
0.944573
0.94332
0.94206
0.940793
0.939518
0.938236
0.936946
0.935649
0.934345
0.933034
0.931716
0.93039
0.929057
0.927717
0.92637
0.925016
0.923654
0.922286
0.92091
0.919527
0.918137
0.91674
0.915336
0.913925
0.912507
0.911082
0.90965
0.908211
0.906765
0.905312
0.903852
0.902386
0.900912
0.899432
0.897945
0.89645
0.89495
0.893442
0.891928
0.890406
0.888878
0.887344
0.885803
0.884255
0.8827
0.881139
0.879571
0.877997
0.876416
0.874828
0.873233
0.871632
0.870025
0.868411
0.866791
0.865164
0.863531
0.861891
0.860245
0.858593
0.856934
0.855269
0.853598
0.851921
0.850237
0.848547
0.846851
0.845148
0.84344
0.841725
0.840004
0.838278
0.836545
0.834806
0.833061
0.83131
0.829553
0.82779
0.826021
0.824246
0.822466
0.820679
0.818887
0.817089
0.815285
0.813475
0.81166
0.809839
0.808012
0.80618
0.804342
0.802498
0.800649
0.798794
0.796934
0.795068
0.793197
0.79132
0.789438
0.78755
0.785657
0.783759
0.781856
0.779947
0.778033
0.776114
0.774189
0.772259
0.770325
0.768385
0.76644
0.76449
0.762534
0.760574
0.758609
0.756639
0.754664
0.752684
0.7507
0.74871
0.746716
0.744717
0.742713
0.740704
0.738691
0.736673
0.734651
0.732624
0.730592
0.728556
0.726516
0.724471
0.722421
0.720367
0.718309
0.716246
0.71418
0.712108
0.710033
0.707954
0.70587
0.703782
0.70169
0.699594
0.697494
0.69539
0.693282
0.691169
0.689054
0.686934
0.68481
0.682683
0.680551
0.678417
0.676278
0.674136
0.67199
0.66984
0.667687
0.66553
0.66337
0.661207
0.65904
0.656869
0.654696
0.652518
0.650338
0.648155
0.645968
0.643778
0.641585
0.639389
0.637189
0.634987
0.632782
0.630574
0.628363
0.626149
0.623932
0.621712
0.61949
0.617265
0.615037
0.612807
0.610574
0.608338
0.6061
0.603859
0.601616
0.599371
0.597123
0.594873
0.59262
0.590365
0.588108
0.585849
0.583588
0.581324
0.579059
0.576791
0.574522
0.57225
0.569977
0.567702
0.565425
0.563146
0.560866
0.558583
0.5563
0.554014
0.551727
0.549438
0.547148
0.544857
0.542564
0.540269
0.537974
0.535677
0.533379
0.531079
0.528779
0.526477
0.524175
0.521871
0.519566
0.51726
0.514954
0.512646
0.510338
0.508029
0.50572
0.503409
0.501098
0.498786
0.496474
0.494162
0.491848
0.489535
0.487221
0.484907
0.482592
0.480277
0.477962
0.475647
0.473332
0.471017
0.468701
0.466386
0.464071
0.461755
0.45944
0.457126
0.454811
0.452497
0.450183
0.44787
0.445557
0.443244
0.440932
0.438621
0.43631
0.434
0.43169
0.429382
0.427074
0.424767
0.422461
0.420156
0.417851
0.415548
0.413246
0.410945
0.408646
0.406347
0.40405
0.401754
0.39946
0.397167
0.394875
0.392585
0.390296
0.38801
0.385724
0.383441
0.381159
0.378879
0.376601
0.374325
0.372051
0.369779
0.367508
0.36524
0.362974
0.360711
0.358449
0.35619
0.353933
0.351679
0.349427
0.347177
0.34493
0.342686
0.340444
0.338205
0.335969
0.333736
0.331505
0.329277
0.327053
0.324831
0.322612
0.320396
0.318184
0.315974
0.313768
0.311566
0.309366
0.30717
0.304978
0.302788
0.300603
0.298421
0.296243
0.294068
0.291897
0.28973
0.287567
0.285408
0.283253
0.281101
0.278954
0.276811
0.274672
0.272537
0.270407
0.268281
0.266159
0.264041
0.261928
0.25982
0.257716
0.255617
0.253523
0.251433
0.249348
0.247268
0.245193
0.243122
0.241057
0.238997
0.236942
0.234892
0.232847
0.230807
0.228773
0.226744
0.224721
0.222703
0.22069
0.218683
0.216682
0.214686
0.212696
0.210712
0.208734
0.206762
0.204795
0.202835
0.20088
0.198932
0.19699
0.195054
0.193124
0.191201
0.189284
0.187373
0.185469
0.183571
0.18168
0.179796
0.177918
0.176047
0.174183
0.172326
0.170475
0.168632
0.166795
0.164966
0.163143
0.161328
0.15952
0.15772
0.155926
0.15414
0.152362
0.150591
0.148827
0.147071
0.145323
0.143582
0.141849
0.140124
0.138407
0.136698
0.134996
0.133303
0.131618
0.129941
0.128272
0.126611
0.124959
0.123314
0.121679
0.120051
0.118433
0.116823
0.115221
0.113628
0.112044
0.110468
0.108902
0.107344
0.105795
0.104255
0.102724
0.101203
0.0996901
0.0981867
0.0966925
0.0952077
0.0937322
0.0922661
0.0908094
0.0893623
0.0879248
0.0864969
0.0850786
0.0836701
0.0822713
0.0808824
0.0795034
0.0781343
0.0767752
0.0754261
0.0740872
0.0727584
0.0714398
0.0701315
0.0688334
0.0675458
0.0662685
0.0650017
0.0637455
0.0624998
0.0612648
0.0600404
0.0588268
0.0576239
0.0564319
0.0552508
0.0540806
0.0529214
0.0517733
0.0506363
0.0495104
0.0483957
0.0472923
0.0462002
0.0451195
0.0440501
0.0429923
0.041946
0.0409112
0.039888
0.0388766
0.0378768
0.0368889
0.0359128
0.0349485
0.0339962
0.0330559
0.0321276
0.0312114
0.0303074
0.0294155
0.0285359
0.0276686
0.0268136
0.025971
0.0251409
0.0243232
0.0235182
0.0227257
0.0219459
0.0211787
0.0204244
0.0196828
0.0189541
0.0182383
0.0175355
0.0168456
0.0161689
0.0155052
0.0148547
0.0142174
0.0135933
0.0129826
0.0123852
0.0118012
0.0112307
0.0106737
0.0101303
0.00960045
0.00908427
0.0085818
0.00809308
0.00761817
0.00715711
0.00670995
0.00627674
0.00585754
0.00545238
0.00506133
0.00468442
0.0043217
0.00397323
0.00363906
0.00331922
0.00301378
0.00272277
0.00244624
0.00218425
0.00193684
0.00170406
0.00148596
0.00128258
0.00109397
0.000920179
0.000761256
0.000617246
0.000488197
0.000374156
0.000275169
0.000191283
0.000122544
6.90006e-05
3.06978e-05
7.68214e-06
