-9.4163e-17
4.93277e-06
1.97312e-05
4.43954e-05
7.89253e-05
0.000123321
0.000177582
0.000241708
0.000315699
0.000399554
0.000493273
0.000596854
0.000710298
0.000833603
0.000966767
0.00110979
0.00126267
0.00142541
0.001598
0.00178045
0.00197275
0.00217489
0.00238689
0.00260873
0.00284042
0.00308195
0.00333332
0.00359452
0.00386556
0.00414643
0.00443714
0.00473767
0.00504802
0.00536819
0.00569819
0.00603799
0.00638761
0.00674704
0.00711627
0.00749531
0.00788414
0.00828276
0.00869118
0.00910938
0.00953736
0.00997512
0.0104227
0.01088
0.011347
0.0118239
0.0123104
0.0128068
0.0133128
0.0138287
0.0143542
0.0148895
0.0154345
0.0159893
0.0165537
0.0171279
0.0177117
0.0183053
0.0189085
0.0195214
0.0201441
0.0207763
0.0214183
0.0220699
0.0227312
0.0234021
0.0240827
0.0247728
0.0254727
0.0261821
0.0269012
0.0276298
0.0283681
0.0291159
0.0298734
0.0306404
0.031417
0.0322031
0.0329988
0.0338041
0.0346189
0.0354432
0.036277
0.0371204
0.0379732
0.0388356
0.0397074
0.0405888
0.0414796
0.0423798
0.0432895
0.0442087
0.0451373
0.0460753
0.0470227
0.0479796
0.0489458
0.0499214
0.0509064
0.0519008
0.0529045
0.0539176
0.05494
0.0559718
0.0570128
0.0580632
0.0591229
0.0601918
0.0612701
0.0623576
0.0634543
0.0645603
0.0656756
0.0668
0.0679337
0.0690766
0.0702286
0.0713899
0.0725603
0.0737398
0.0749285
0.0761263
0.0773333
0.0785493
0.0797745
0.0810087
0.082252
0.0835044
0.0847658
0.0860362
0.0873157
0.0886041
0.0899016
0.091208
0.0925234
0.0938478
0.0951811
0.0965234
0.0978745
0.0992346
0.100604
0.101981
0.103368
0.104764
0.106168
0.107581
0.109003
0.110434
0.111873
0.113322
0.114779
0.116245
0.117719
0.119202
0.120694
0.122195
0.123704
0.125222
0.126749
0.128284
0.129828
0.13138
0.132941
0.134511
0.136089
0.137675
0.13927
0.140874
0.142486
0.144106
0.145735
0.147373
0.149018
0.150673
0.152335
0.154006
0.155685
0.157373
0.159069
0.160773
0.162486
0.164206
0.165935
0.167673
0.169418
0.171172
0.172934
0.174704
0.176482
0.178268
0.180062
0.181865
0.183675
0.185494
0.18732
0.189155
0.190998
0.192848
0.194707
0.196574
0.198448
0.20033
0.202221
0.204119
0.206025
0.207939
0.20986
0.21179
0.213727
0.215672
0.217624
0.219585
0.221553
0.223529
0.225512
0.227503
0.229502
0.231509
0.233522
0.235544
0.237573
0.239609
0.241654
0.243705
0.245764
0.247831
0.249904
0.251986
0.254074
0.25617
0.258274
0.260384
0.262502
0.264628
0.26676
0.2689
0.271047
0.273201
0.275362
0.277531
0.279706
0.281889
0.284079
0.286276
0.28848
0.29069
0.292908
0.295133
0.297365
0.299604
0.30185
0.304102
0.306362
0.308628
0.310901
0.313181
0.315468
0.317761
0.320062
0.322368
0.324682
0.327002
0.329329
0.331663
0.334003
0.33635
0.338703
0.341063
0.343429
0.345802
0.348181
0.350567
0.352959
0.355357
0.357762
0.360173
0.362591
0.365014
0.367444
0.369881
0.372323
0.374772
0.377227
0.379688
0.382155
0.384628
0.387107
0.389593
0.392084
0.394582
0.397085
0.399594
0.40211
0.404631
0.407158
0.409691
0.41223
0.414774
0.417324
0.41988
0.422442
0.42501
0.427583
0.430162
0.432746
0.435336
0.437932
0.440533
0.44314
0.445752
0.44837
0.450993
0.453621
0.456255
0.458895
0.461539
0.464189
0.466845
0.469505
0.472171
0.474842
0.477518
0.4802
0.482886
0.485578
0.488274
0.490976
0.493683
0.496395
0.499111
0.501833
0.50456
0.507291
0.510027
0.512769
0.515515
0.518265
0.521021
0.523781
0.526546
0.529316
0.53209
0.534869
0.537653
0.540441
0.543234
0.546031
0.548833
0.551639
0.554449
0.557264
0.560084
0.562907
0.565735
0.568567
0.571404
0.574245
0.57709
0.579939
0.582792
0.58565
0.588511
0.591377
0.594247
0.59712
0.599998
0.602879
0.605765
0.608654
0.611548
0.614445
0.617346
0.62025
0.623159
0.626071
0.628987
0.631906
0.63483
0.637756
0.640687
0.643621
0.646558
0.649499
0.652444
0.655391
0.658343
0.661297
0.664255
0.667216
0.670181
0.673149
0.67612
0.679094
0.682072
0.685052
0.688036
0.691022
0.694012
0.697005
0.700001
0.703
0.706001
0.709006
0.712014
0.715024
0.718037
0.721053
0.724072
0.727093
0.730117
0.733144
0.736173
0.739205
0.74224
0.745277
0.748317
0.751359
0.754403
0.75745
0.7605
0.763551
0.766605
0.769662
0.77272
0.775781
0.778844
0.78191
0.784977
0.788046
0.791118
0.794192
0.797267
0.800345
0.803425
0.806506
0.80959
0.812675
0.815762
0.818851
0.821942
0.825035
0.828129
0.831225
0.834322
0.837422
0.840522
0.843625
0.846729
0.849834
0.852941
0.856049
0.859159
0.86227
0.865382
0.868496
0.871611
0.874727
0.877845
0.880964
0.884083
0.887204
0.890326
0.89345
0.896574
0.899699
0.902825
0.905952
0.90908
0.912209
0.915339
0.918469
0.9216
0.924732
0.927865
0.930998
0.934132
0.937267
0.940402
0.943538
0.946675
0.949811
0.952949
0.956087
0.959225
0.962363
0.965502
0.968641
0.971781
0.97492
0.97806
0.9812
0.984341
0.987481
0.990621
0.993762
0.996902
1.00004
1.00318
1.00633
1.00947
1.01261
1.01575
1.01889
1.02203
1.02517
1.02831
1.03145
1.03459
1.03773
1.04087
1.04401
1.04715
1.05029
1.05343
1.05656
1.0597
1.06283
1.06597
1.0691
1.07224
1.07537
1.0785
1.08164
1.08477
1.0879
1.09103
1.09415
1.09728
1.10041
1.10353
1.10666
1.10978
1.1129
1.11603
1.11915
1.12226
1.12538
1.1285
1.13161
1.13473
1.13784
1.14095
1.14406
1.14717
1.15028
1.15338
1.15649
1.15959
1.16269
1.16579
1.16889
1.17198
1.17508
1.17817
1.18126
1.18435
1.18744
1.19052
1.19361
1.19669
1.19977
1.20284
1.20592
1.20899
1.21207
1.21513
1.2182
1.22127
1.22433
1.22739
1.23045
1.23351
1.23656
1.23961
1.24266
1.24571
1.24875
1.25179
1.25483
1.25787
1.26091
1.26394
1.26697
1.26999
1.27302
1.27604
1.27906
1.28207
1.28509
1.2881
1.2911
1.29411
1.29711
1.30011
1.3031
1.3061
1.30909
1.31207
1.31506
1.31804
1.32101
1.32399
1.32696
1.32993
1.33289
1.33585
1.33881
1.34177
1.34472
1.34766
1.35061
1.35355
1.35649
1.35942
1.36235
1.36528
1.3682
1.37112
1.37404
1.37695
1.37986
1.38276
1.38566
1.38856
1.39145
1.39434
1.39723
1.40011
1.40299
1.40586
1.40873
1.41159
1.41446
1.41731
1.42017
1.42302
1.42586
1.4287
1.43154
1.43437
1.4372
1.44002
1.44284
1.44566
1.44847
1.45127
1.45407
1.45687
1.45966
1.46245
1.46523
1.46801
1.47079
1.47356
1.47632
1.47908
1.48184
1.48459
1.48734
1.49008
1.49281
1.49554
1.49827
1.50099
1.50371
1.50642
1.50913
1.51183
1.51453
1.51722
1.5199
1.52258
1.52526
1.52793
1.5306
1.53326
1.53591
1.53856
1.54121
1.54385
1.54648
1.54911
1.55173
1.55435
1.55696
1.55957
1.56217
1.56477
1.56736
1.56994
1.57252
1.57509
1.57766
1.58022
1.58278
1.58533
1.58787
1.59041
1.59294
1.59547
1.59799
1.60051
1.60302
1.60552
1.60802
1.61051
1.61299
1.61547
1.61795
1.62041
1.62288
1.62533
1.62778
1.63022
1.63266
1.63509
1.63751
1.63993
1.64234
1.64474
1.64714
1.64954
1.65192
1.6543
1.65667
1.65904
1.6614
1.66375
1.6661
1.66844
1.67077
1.6731
1.67542
1.67773
1.68004
1.68234
1.68463
1.68692
1.6892
1.69147
1.69374
1.696
1.69825
1.7005
1.70274
1.70497
1.70719
1.70941
1.71162
1.71383
1.71602
1.71821
1.7204
1.72257
1.72474
1.7269
1.72905
1.7312
1.73334
1.73547
1.7376
1.73972
1.74183
1.74393
1.74603
1.74812
1.7502
1.75227
1.75434
1.7564
1.75845
1.76049
1.76253
1.76456
1.76658
1.76859
1.7706
1.7726
1.77459
1.77657
1.77855
1.78052
1.78248
1.78443
1.78637
1.78831
1.79024
1.79216
1.79408
1.79598
1.79788
1.79977
1.80165
1.80353
1.80539
1.80725
1.8091
1.81095
1.81278
1.81461
1.81643
1.81824
1.82004
1.82183
1.82362
1.8254
1.82717
1.82893
1.83068
1.83243
1.83417
1.8359
1.83762
1.83933
1.84103
1.84273
1.84442
1.8461
1.84777
1.84943
1.85108
1.85273
1.85437
1.856
1.85762
1.85923
1.86083
1.86243
1.86401
1.86559
1.86716
1.86872
1.87027
1.87182
1.87335
1.87488
1.8764
1.87791
1.87941
1.8809
1.88238
1.88386
1.88532
1.88678
1.88823
1.88967
1.8911
1.89252
1.89394
1.89534
1.89674
1.89812
1.8995
1.90087
1.90223
1.90358
1.90492
1.90626
1.90758
1.9089
1.9102
1.9115
1.91279
1.91407
1.91534
1.9166
1.91785
1.9191
1.92033
1.92156
1.92277
1.92398
1.92518
1.92637
1.92755
1.92872
1.92988
1.93103
1.93217
1.93331
1.93443
1.93555
1.93665
1.93775
1.93884
1.93991
1.94098
1.94204
1.94309
1.94414
1.94517
1.94619
1.9472
1.94821
1.9492
1.95019
1.95116
1.95213
1.95309
1.95403
1.95497
1.9559
1.95682
1.95773
1.95863
1.95952
1.9604
1.96127
1.96214
1.96299
1.96383
1.96467
1.96549
1.96631
1.96711
1.96791
1.96869
1.96947
1.97024
1.97099
1.97174
1.97248
1.97321
1.97393
1.97464
1.97534
1.97603
1.97671
1.97738
1.97804
1.97869
1.97933
1.97997
1.98059
1.9812
1.9818
1.9824
1.98298
1.98356
1.98412
1.98468
1.98522
1.98576
1.98628
1.9868
1.9873
1.9878
1.98829
1.98876
1.98923
1.98969
1.99013
1.99057
1.991
1.99142
1.99182
1.99222
1.99261
1.99299
1.99336
1.99372
1.99407
1.99441
1.99474
1.99506
1.99537
1.99567
1.99596
1.99624
1.99651
1.99677
1.99702
1.99726
1.99749
1.99771
1.99793
1.99813
1.99832
1.9985
1.99867
1.99883
1.99899
1.99913
1.99926
1.99938
1.9995
1.9996
1.99969
1.99978
1.99985
1.99991
1.99997
2.00001
2.00004
2.00007
2.00008
2.00008
2.00008
2.00007
2.00004
2.00001
1.99997
1.99991
1.99985
1.99978
1.99969
1.9996
1.9995
1.99938
1.99926
1.99913
1.99899
1.99883
1.99867
1.9985
1.99832
1.99813
1.99793
1.99771
1.99749
1.99726
1.99702
1.99677
1.99651
1.99624
1.99596
1.99567
1.99537
1.99506
1.99474
1.99441
1.99407
1.99372
1.99336
1.99299
1.99261
1.99222
1.99182
1.99142
1.991
1.99057
1.99013
1.98969
1.98923
1.98876
1.98829
1.9878
1.9873
1.9868
1.98628
1.98576
1.98522
1.98468
1.98412
1.98356
1.98298
1.9824
1.9818
1.9812
1.98059
1.97997
1.97933
1.97869
1.97804
1.97738
1.97671
1.97603
1.97534
1.97464
1.97393
1.97321
1.97248
1.97174
1.97099
1.97024
1.96947
1.96869
1.96791
1.96711
1.96631
1.96549
1.96467
1.96383
1.96299
1.96214
1.96127
1.9604
1.95952
1.95863
1.95773
1.95682
1.9559
1.95497
1.95403
1.95309
1.95213
1.95116
1.95019
1.9492
1.94821
1.9472
1.94619
1.94517
1.94414
1.94309
1.94204
1.94098
1.93991
1.93884
1.93775
1.93665
1.93555
1.93443
1.93331
1.93217
1.93103
1.92988
1.92872
1.92755
1.92637
1.92518
1.92398
1.92277
1.92156
1.92033
1.9191
1.91785
1.9166
1.91534
1.91407
1.91279
1.9115
1.9102
1.9089
1.90758
1.90626
1.90492
1.90358
1.90223
1.90087
1.8995
1.89812
1.89674
1.89534
1.89394
1.89252
1.8911
1.88967
1.88823
1.88678
1.88532
1.88386
1.88238
1.8809
1.87941
1.87791
1.8764
1.87488
1.87335
1.87182
1.87027
1.86872
1.86716
1.86559
1.86401
1.86243
1.86083
1.85923
1.85762
1.856
1.85437
1.85273
1.85108
1.84943
1.84777
1.8461
1.84442
1.84273
1.84103
1.83933
1.83762
1.8359
1.83417
1.83243
1.83068
1.82893
1.82717
1.8254
1.82362
1.82183
1.82004
1.81824
1.81643
1.81461
1.81278
1.81095
1.8091
1.80725
1.80539
1.80353
1.80165
1.79977
1.79788
1.79598
1.79408
1.79216
1.79024
1.78831
1.78637
1.78443
1.78248
1.78052
1.77855
1.77657
1.77459
1.7726
1.7706
1.76859
1.76658
1.76456
1.76253
1.76049
1.75845
1.7564
1.75434
1.75227
1.7502
1.74812
1.74603
1.74393
1.74183
1.73972
1.7376
1.73547
1.73334
1.7312
1.72905
1.7269
1.72474
1.72257
1.7204
1.71821
1.71602
1.71383
1.71162
1.70941
1.70719
1.70497
1.70274
1.7005
1.69825
1.696
1.69374
1.69147
1.6892
1.68692
1.68463
1.68234
1.68004
1.67773
1.67542
1.6731
1.67077
1.66844
1.6661
1.66375
1.6614
1.65904
1.65667
1.6543
1.65192
1.64954
1.64714
1.64474
1.64234
1.63993
1.63751
1.63509
1.63266
1.63022
1.62778
1.62533
1.62288
1.62041
1.61795
1.61547
1.61299
1.61051
1.60802
1.60552
1.60302
1.60051
1.59799
1.59547
1.59294
1.59041
1.58787
1.58533
1.58278
1.58022
1.57766
1.57509
1.57252
1.56994
1.56736
1.56477
1.56217
1.55957
1.55696
1.55435
1.55173
1.54911
1.54648
1.54385
1.54121
1.53856
1.53591
1.53326
1.5306
1.52793
1.52526
1.52258
1.5199
1.51722
1.51453
1.51183
1.50913
1.50642
1.50371
1.50099
1.49827
1.49554
1.49281
1.49008
1.48734
1.48459
1.48184
1.47908
1.47632
1.47356
1.47079
1.46801
1.46523
1.46245
1.45966
1.45687
1.45407
1.45127
1.44847
1.44566
1.44284
1.44002
1.4372
1.43437
1.43154
1.4287
1.42586
1.42302
1.42017
1.41731
1.41446
1.41159
1.40873
1.40586
1.40299
1.40011
1.39723
1.39434
1.39145
1.38856
1.38566
1.38276
1.37986
1.37695
1.37404
1.37112
1.3682
1.36528
1.36235
1.35942
1.35649
1.35355
1.35061
1.34766
1.34472
1.34177
1.33881
1.33585
1.33289
1.32993
1.32696
1.32399
1.32101
1.31804
1.31506
1.31207
1.30909
1.3061
1.3031
1.30011
1.29711
1.29411
1.2911
1.2881
1.28509
1.28207
1.27906
1.27604
1.27302
1.26999
1.26697
1.26394
1.26091
1.25787
1.25483
1.25179
1.24875
1.24571
1.24266
1.23961
1.23656
1.23351
1.23045
1.22739
1.22433
1.22127
1.2182
1.21513
1.21207
1.20899
1.20592
1.20284
1.19977
1.19669
1.19361
1.19052
1.18744
1.18435
1.18126
1.17817
1.17508
1.17198
1.16889
1.16579
1.16269
1.15959
1.15649
1.15338
1.15028
1.14717
1.14406
1.14095
1.13784
1.13473
1.13161
1.1285
1.12538
1.12226
1.11915
1.11603
1.1129
1.10978
1.10666
1.10353
1.10041
1.09728
1.09415
1.09103
1.0879
1.08477
1.08164
1.0785
1.07537
1.07224
1.0691
1.06597
1.06283
1.0597
1.05656
1.05343
1.05029
1.04715
1.04401
1.04087
1.03773
1.03459
1.03145
1.02831
1.02517
1.02203
1.01889
1.01575
1.01261
1.00947
1.00633
1.00318
1.00004
0.996902
0.993762
0.990621
0.987481
0.984341
0.9812
0.97806
0.97492
0.971781
0.968641
0.965502
0.962363
0.959225
0.956087
0.952949
0.949811
0.946675
0.943538
0.940402
0.937267
0.934132
0.930998
0.927865
0.924732
0.9216
0.918469
0.915339
0.912209
0.90908
0.905952
0.902825
0.899699
0.896574
0.89345
0.890326
0.887204
0.884083
0.880964
0.877845
0.874727
0.871611
0.868496
0.865382
0.86227
0.859159
0.856049
0.852941
0.849834
0.846729
0.843625
0.840522
0.837422
0.834322
0.831225
0.828129
0.825035
0.821942
0.818851
0.815762
0.812675
0.80959
0.806506
0.803425
0.800345
0.797267
0.794192
0.791118
0.788046
0.784977
0.78191
0.778844
0.775781
0.77272
0.769662
0.766605
0.763551
0.7605
0.75745
0.754403
0.751359
0.748317
0.745277
0.74224
0.739205
0.736173
0.733144
0.730117
0.727093
0.724072
0.721053
0.718037
0.715024
0.712014
0.709006
0.706001
0.703
0.700001
0.697005
0.694012
0.691022
0.688036
0.685052
0.682072
0.679094
0.67612
0.673149
0.670181
0.667216
0.664255
0.661297
0.658343
0.655391
0.652444
0.649499
0.646558
0.643621
0.640687
0.637756
0.63483
0.631906
0.628987
0.626071
0.623159
0.62025
0.617346
0.614445
0.611548
0.608654
0.605765
0.602879
0.599998
0.59712
0.594247
0.591377
0.588511
0.58565
0.582792
0.579939
0.57709
0.574245
0.571404
0.568567
0.565735
0.562907
0.560084
0.557264
0.554449
0.551639
0.548833
0.546031
0.543234
0.540441
0.537653
0.534869
0.53209
0.529316
0.526546
0.523781
0.521021
0.518265
0.515515
0.512769
0.510027
0.507291
0.50456
0.501833
0.499111
0.496395
0.493683
0.490976
0.488274
0.485578
0.482886
0.4802
0.477518
0.474842
0.472171
0.469505
0.466845
0.464189
0.461539
0.458895
0.456255
0.453621
0.450993
0.44837
0.445752
0.44314
0.440533
0.437932
0.435336
0.432746
0.430162
0.427583
0.42501
0.422442
0.41988
0.417324
0.414774
0.41223
0.409691
0.407158
0.404631
0.40211
0.399594
0.397085
0.394582
0.392084
0.389593
0.387107
0.384628
0.382155
0.379688
0.377227
0.374772
0.372323
0.369881
0.367444
0.365014
0.362591
0.360173
0.357762
0.355357
0.352959
0.350567
0.348181
0.345802
0.343429
0.341063
0.338703
0.33635
0.334003
0.331663
0.329329
0.327002
0.324682
0.322368
0.320062
0.317761
0.315468
0.313181
0.310901
0.308628
0.306362
0.304102
0.30185
0.299604
0.297365
0.295133
0.292908
0.29069
0.28848
0.286276
0.284079
0.281889
0.279706
0.277531
0.275362
0.273201
0.271047
0.2689
0.26676
0.264628
0.262502
0.260384
0.258274
0.25617
0.254074
0.251986
0.249904
0.247831
0.245764
0.243705
0.241654
0.239609
0.237573
0.235544
0.233522
0.231509
0.229502
0.227503
0.225512
0.223529
0.221553
0.219585
0.217624
0.215672
0.213727
0.21179
0.20986
0.207939
0.206025
0.204119
0.202221
0.20033
0.198448
0.196574
0.194707
0.192848
0.190998
0.189155
0.18732
0.185494
0.183675
0.181865
0.180062
0.178268
0.176482
0.174704
0.172934
0.171172
0.169418
0.167673
0.165935
0.164206
0.162486
0.160773
0.159069
0.157373
0.155685
0.154006
0.152335
0.150673
0.149018
0.147373
0.145735
0.144106
0.142486
0.140874
0.13927
0.137675
0.136089
0.134511
0.132941
0.13138
0.129828
0.128284
0.126749
0.125222
0.123704
0.122195
0.120694
0.119202
0.117719
0.116245
0.114779
0.113322
0.111873
0.110434
0.109003
0.107581
0.106168
0.104764
0.103368
0.101981
0.100604
0.0992346
0.0978745
0.0965234
0.0951811
0.0938478
0.0925234
0.091208
0.0899016
0.0886041
0.0873157
0.0860362
0.0847658
0.0835044
0.082252
0.0810087
0.0797745
0.0785493
0.0773333
0.0761263
0.0749285
0.0737398
0.0725603
0.0713899
0.0702286
0.0690766
0.0679337
0.0668
0.0656756
0.0645603
0.0634543
0.0623576
0.0612701
0.0601918
0.0591229
0.0580632
0.0570128
0.0559718
0.05494
0.0539176
0.0529045
0.0519008
0.0509064
0.0499214
0.0489458
0.0479796
0.0470227
0.0460753
0.0451373
0.0442087
0.0432895
0.0423798
0.0414796
0.0405888
0.0397074
0.0388356
0.0379732
0.0371204
0.036277
0.0354432
0.0346189
0.0338041
0.0329988
0.0322031
0.031417
0.0306404
0.0298734
0.0291159
0.0283681
0.0276298
0.0269012
0.0261821
0.0254727
0.0247728
0.0240827
0.0234021
0.0227312
0.0220699
0.0214183
0.0207763
0.0201441
0.0195214
0.0189085
0.0183053
0.0177117
0.0171279
0.0165537
0.0159893
0.0154345
0.0148895
0.0143542
0.0138287
0.0133128
0.0128068
0.0123104
0.0118239
0.011347
0.01088
0.0104227
0.00997512
0.00953736
0.00910938
0.00869118
0.00828276
0.00788414
0.00749531
0.00711627
0.00674704
0.00638761
0.00603799
0.00569819
0.00536819
0.00504802
0.00473767
0.00443714
0.00414643
0.00386556
0.00359452
0.00333332
0.00308195
0.00284042
0.00260873
0.00238689
0.00217489
0.00197275
0.00178045
0.001598
0.00142541
0.00126267
0.00110979
0.000966767
0.000833603
0.000710298
0.000596854
0.000493273
0.000399554
0.000315699
0.000241708
0.000177582
0.000123321
7.89253e-05
4.43954e-05
1.97312e-05
4.93277e-06
